4
linear   essential      -0.250000   0.750000
linear   non-essential   0.000000   1.000000
linear   essential       0.000000   1.000000
linear   essential       0.000000   1.000000

1 1
significant   elliptical    20
	  0.324219  0.250234  0.264062  0.100781
	  0.000400  0.000400  0.000400  0.000400

2 1
significant   elliptical    20
	  0.356250  0.322422  0.269531  0.137500
	  0.000400  0.000400  0.000400  0.000400

3 1
significant   elliptical    20
	  0.364062  0.345547  0.255469  0.139062
	  0.000400  0.000400  0.000400  0.000400

4 1
significant   elliptical    20
	  0.354688  0.314766  0.197656  0.140625
	  0.000400  0.000400  0.000400  0.000400

5 1
significant   elliptical    20
	  0.367969  0.348516  0.251563  0.146875
	  0.000400  0.000400  0.000400  0.000400

6 1
significant   elliptical    20
	  0.370313  0.382813  0.232031  0.150781
	  0.000400  0.000400  0.000400  0.000400
