68
NULL 0 Common 0
Joined 7 0,255,0,255,0,0,0,0,0,0 Latin 1 0 1 Joined	# Joined [4a 6f 69 6e 65 64 ]a
|Broken|0|1 15 0,255,0,255,0,0,0,0,0,0 Common 2 10 2 |Broken|0|1	# Broken
{ 16 0,255,0,255,0,0,0,0,0,0 Common 3 10 0 {	# { [7b ]p
R 5 0,255,0,255,0,0,0,0,0,0 Latin 50 0 4 R	# R [52 ]A
Y 5 0,255,0,255,0,0,0,0,0,0 Latin 57 0 5 Y	# Y [59 ]A
F 5 0,255,0,255,0,0,0,0,0,0 Latin 38 0 6 F	# F [46 ]A
, 16 0,255,0,255,0,0,0,0,0,0 Common 7 6 7 ,	# , [2c ]p
3 8 0,255,0,255,0,0,0,0,0,0 Common 8 2 8 3	# 3 [33 ]0
A 5 0,255,0,255,0,0,0,0,0,0 Latin 32 0 9 A	# A [41 ]A
B 5 0,255,0,255,0,0,0,0,0,0 Latin 33 0 10 B	# B [42 ]A
C 5 0,255,0,255,0,0,0,0,0,0 Latin 34 0 11 C	# C [43 ]A
D 5 0,255,0,255,0,0,0,0,0,0 Latin 35 0 12 D	# D [44 ]A
E 5 0,255,0,255,0,0,0,0,0,0 Latin 36 0 13 E	# E [45 ]A
G 5 0,255,0,255,0,0,0,0,0,0 Latin 39 0 14 G	# G [47 ]A
H 5 0,255,0,255,0,0,0,0,0,0 Latin 40 0 15 H	# H [48 ]A
I 5 0,255,0,255,0,0,0,0,0,0 Latin 41 0 16 I	# I [49 ]A
J 5 0,255,0,255,0,0,0,0,0,0 Latin 42 0 17 J	# J [4a ]A
K 5 0,255,0,255,0,0,0,0,0,0 Latin 43 0 18 K	# K [4b ]A
L 5 0,255,0,255,0,0,0,0,0,0 Latin 44 0 19 L	# L [4c ]A
M 5 0,255,0,255,0,0,0,0,0,0 Latin 45 0 20 M	# M [4d ]A
N 5 0,255,0,255,0,0,0,0,0,0 Latin 46 0 21 N	# N [4e ]A
O 5 0,255,0,255,0,0,0,0,0,0 Latin 47 0 22 O	# O [4f ]A
P 5 0,255,0,255,0,0,0,0,0,0 Latin 48 0 23 P	# P [50 ]A
Q 5 0,255,0,255,0,0,0,0,0,0 Latin 49 0 24 Q	# Q [51 ]A
S 5 0,255,0,255,0,0,0,0,0,0 Latin 51 0 25 S	# S [53 ]A
T 5 0,255,0,255,0,0,0,0,0,0 Latin 52 0 26 T	# T [54 ]A
U 5 0,255,0,255,0,0,0,0,0,0 Latin 53 0 27 U	# U [55 ]A
V 5 0,255,0,255,0,0,0,0,0,0 Latin 54 0 28 V	# V [56 ]A
W 5 0,255,0,255,0,0,0,0,0,0 Latin 55 0 29 W	# W [57 ]A
X 5 0,255,0,255,0,0,0,0,0,0 Latin 56 0 30 X	# X [58 ]A
Z 5 0,255,0,255,0,0,0,0,0,0 Latin 58 0 31 Z	# Z [5a ]A
a 3 0,255,0,255,0,0,0,0,0,0 Latin 9 0 32 a	# a [61 ]a
b 3 0,255,0,255,0,0,0,0,0,0 Latin 10 0 33 b	# b [62 ]a
c 3 0,255,0,255,0,0,0,0,0,0 Latin 11 0 34 c	# c [63 ]a
d 3 0,255,0,255,0,0,0,0,0,0 Latin 12 0 35 d	# d [64 ]a
e 3 0,255,0,255,0,0,0,0,0,0 Latin 13 0 36 e	# e [65 ]a
- 16 0,255,0,255,0,0,0,0,0,0 Common 37 3 37 -	# - [2d ]p
f 3 0,255,0,255,0,0,0,0,0,0 Latin 6 0 38 f	# f [66 ]a
g 3 0,255,0,255,0,0,0,0,0,0 Latin 14 0 39 g	# g [67 ]a
h 3 0,255,0,255,0,0,0,0,0,0 Latin 15 0 40 h	# h [68 ]a
i 3 0,255,0,255,0,0,0,0,0,0 Latin 16 0 41 i	# i [69 ]a
j 3 0,255,0,255,0,0,0,0,0,0 Latin 17 0 42 j	# j [6a ]a
k 3 0,255,0,255,0,0,0,0,0,0 Latin 18 0 43 k	# k [6b ]a
l 3 0,255,0,255,0,0,0,0,0,0 Latin 19 0 44 l	# l [6c ]a
m 3 0,255,0,255,0,0,0,0,0,0 Latin 20 0 45 m	# m [6d ]a
n 3 0,255,0,255,0,0,0,0,0,0 Latin 21 0 46 n	# n [6e ]a
o 3 0,255,0,255,0,0,0,0,0,0 Latin 22 0 47 o	# o [6f ]a
p 3 0,255,0,255,0,0,0,0,0,0 Latin 23 0 48 p	# p [70 ]a
q 3 0,255,0,255,0,0,0,0,0,0 Latin 24 0 49 q	# q [71 ]a
r 3 0,255,0,255,0,0,0,0,0,0 Latin 4 0 50 r	# r [72 ]a
s 3 0,255,0,255,0,0,0,0,0,0 Latin 25 0 51 s	# s [73 ]a
t 3 0,255,0,255,0,0,0,0,0,0 Latin 26 0 52 t	# t [74 ]a
u 3 0,255,0,255,0,0,0,0,0,0 Latin 27 0 53 u	# u [75 ]a
v 3 0,255,0,255,0,0,0,0,0,0 Latin 28 0 54 v	# v [76 ]a
w 3 0,255,0,255,0,0,0,0,0,0 Latin 29 0 55 w	# w [77 ]a
x 3 0,255,0,255,0,0,0,0,0,0 Latin 30 0 56 x	# x [78 ]a
y 3 0,255,0,255,0,0,0,0,0,0 Latin 5 0 57 y	# y [79 ]a
z 3 0,255,0,255,0,0,0,0,0,0 Latin 31 0 58 z	# z [7a ]a
0 8 0,255,0,255,0,0,0,0,0,0 Common 59 2 59 0	# 0 [30 ]0
1 8 0,255,0,255,0,0,0,0,0,0 Common 60 2 60 1	# 1 [31 ]0
2 8 0,255,0,255,0,0,0,0,0,0 Common 61 2 61 2	# 2 [32 ]0
4 8 0,255,0,255,0,0,0,0,0,0 Common 62 2 62 4	# 4 [34 ]0
5 8 0,255,0,255,0,0,0,0,0,0 Common 63 2 63 5	# 5 [35 ]0
6 8 0,255,0,255,0,0,0,0,0,0 Common 64 2 64 6	# 6 [36 ]0
7 8 0,255,0,255,0,0,0,0,0,0 Common 65 2 65 7	# 7 [37 ]0
8 8 0,255,0,255,0,0,0,0,0,0 Common 66 2 66 8	# 8 [38 ]0
9 8 0,255,0,255,0,0,0,0,0,0 Common 67 2 67 9	# 9 [39 ]0
